/root/dataset/val2017/000000121417.jpg 105.0 280.0 0.34005955 240.0 200.0 0.54111826 105.0 280.0 0.43507832 157.5 520.0 0.39386752 97.5 280.0 0.5689378 82.5 490.0 0.36154836 52.5 110.0 0.26069686 97.5 500.0 0.10211772 52.5 120.0 0.19616513 210.0 10.0 0.16861819 232.5 250.0 0.4206083 307.5 620.0 0.22620906 300.0 10.0 0.23365979 292.5 230.0 0.2106461 90.0 300.0 0.2672704 277.5 50.0 0.3121489 277.5 50.0 0.50661004 
/root/dataset/val2017/000000148662.jpg 410.0 157.5 0.034310218 150.0 442.5 0.009332357 420.0 75.0 0.026448742 580.0 97.5 0.026489453 110.0 472.5 0.04371076 450.0 210.0 0.011154115 340.0 15.0 0.041658666 200.0 472.5 0.087307565 160.0 247.5 0.019314716 450.0 165.0 0.0316497 210.0 45.0 0.07614187 340.0 187.5 0.019468764 510.0 30.0 0.027280135 180.0 450.0 0.013530306 180.0 450.0 0.011165508 180.0 472.5 0.009855977 590.0 75.0 0.03407353 
/root/dataset/val2017/000000018737.jpg 30.0 386.96875 0.0056400495 320.0 246.859375 0.0027500375 320.0 246.859375 0.004128126 320.0 213.5 0.01487147 350.0 213.5 0.0118588805 300.0 240.1875 0.040116686 60.0 40.03125 0.013213635 260.0 286.890625 0.07002088 290.0 266.875 0.010618716 270.0 273.546875 0.012093728 260.0 13.34375 0.008437974 350.0 333.59375 0.050997727 520.0 33.359375 0.03003573 270.0 373.625 0.0060283486 350.0 306.90625 0.007232641 320.0 320.25 0.024626305 310.0 300.234375 0.0139925275 
/root/dataset/val2017/000000012120.jpg 520.0 220.6875 1.3121631 520.0 214.0 1.3230255 520.0 214.0 0.66651523 520.0 214.0 1.0596607 110.0 107.0 0.22616918 520.0 227.375 1.283981 510.0 227.375 1.0548782 510.0 227.375 0.2729042 500.0 234.0625 0.50046605 490.0 307.625 0.2293802 500.0 227.375 0.68325484 520.0 254.125 0.38435477 510.0 254.125 0.68367803 500.0 280.875 0.08886725 540.0 287.5625 0.14069456 590.0 220.6875 0.15483157 100.0 100.3125 0.11263835 
/root/dataset/val2017/000000496854.jpg 150.0 195.0 0.8565572 450.0 225.0 0.8389676 140.0 187.5 0.95299906 380.0 195.0 0.7776392 110.0 195.0 0.79939586 400.0 240.0 0.666786 110.0 247.5 0.75515133 430.0 292.5 0.62260365 100.0 322.5 0.4689929 400.0 307.5 0.4666813 90.0 367.5 0.64150953 190.0 360.0 0.23961654 130.0 375.0 0.44737723 390.0 390.0 0.21046788 610.0 345.0 0.078798085 630.0 397.5 0.13952619 630.0 397.5 0.24352539 
/root/dataset/val2017/000000509824.jpg 270.0 440.0 0.022780403 270.0 440.0 0.0045047197 270.0 440.0 0.0050718677 360.0 560.0 0.0074644974 20.0 40.0 0.0024149725 80.0 500.0 0.0107279 150.0 600.0 0.020349655 590.0 270.0 0.011312402 260.0 0.0 0.012747614 430.0 190.0 0.042714573 90.0 40.0 0.02036704 260.0 620.0 0.0045388374 230.0 630.0 0.01404006 200.0 520.0 0.00827889 240.0 480.0 0.0070954114 590.0 630.0 0.013366447 580.0 630.0 0.022051435 
/root/dataset/val2017/000000077460.jpg 234.0625 490.0 0.074251324 234.0625 490.0 0.04640065 234.0625 490.0 0.067182675 147.125 100.0 0.08164605 227.375 490.0 0.036149535 234.0625 500.0 0.06205731 227.375 500.0 0.112682335 254.125 100.0 0.15058908 227.375 510.0 0.04869486 240.75 500.0 0.111685835 20.0625 40.0 0.109491795 234.0625 530.0 0.032708842 86.9375 40.0 0.061009362 227.375 570.0 0.033811342 227.375 570.0 0.022862967 254.125 100.0 0.057543706 53.5 270.0 0.021420674 
/root/dataset/val2017/000000424545.jpg 148.4375 17.578125 0.0117228525 468.75 187.5 0.012277875 492.1875 41.015625 0.0046678553 156.25 175.78125 0.004616915 46.875 29.296875 0.0335423 445.3125 316.40625 0.049183387 46.875 35.15625 0.029110676 273.4375 140.625 0.025704267 125.0 251.953125 0.0059673563 218.75 216.796875 0.017535098 78.125 17.578125 0.008841194 164.0625 298.828125 0.0133000985 187.5 328.125 0.010562748 0.0 41.015625 0.0038119399 101.5625 257.8125 0.0036780383 101.5625 257.8125 0.0025668647 101.5625 257.8125 0.003382216 
/root/dataset/val2017/000000159311.jpg 15.625 124.875 0.31148902 476.5625 93.65625 0.13514176 0.0 286.171875 0.24272661 484.375 88.453125 0.28474453 390.625 52.03125 0.16302995 320.3125 317.390625 0.1546029 93.75 317.390625 0.16044283 304.6875 202.921875 0.10505453 195.3125 280.96875 0.076698944 414.0625 166.5 0.07070325 226.5625 312.1875 0.11093554 109.375 176.90625 0.12952118 62.5 20.8125 0.25130975 93.75 130.078125 0.027332155 132.8125 161.296875 0.08614218 117.1875 239.34375 0.046432562 117.1875 244.546875 0.17673074 
/root/dataset/val2017/000000177935.jpg 307.5 280.0 0.01055848 112.5 250.0 0.028828528 435.0 10.0 0.024374232 172.5 80.0 0.011967907 367.5 110.0 0.035141807 435.0 220.0 0.03347559 15.0 480.0 0.02942841 442.5 280.0 0.039291102 60.0 580.0 0.083832905 345.0 120.0 0.03460715 22.5 270.0 0.05504646 7.5 280.0 0.036015674 15.0 270.0 0.029660247 405.0 310.0 0.03924044 382.5 310.0 0.026527809 75.0 110.0 0.008582316 67.5 40.0 0.01135703 
/root/dataset/val2017/000000304404.jpg 460.0 180.5625 1.4004904 280.0 113.6875 1.2057438 190.0 180.5625 1.2463648 290.0 113.6875 1.1827023 190.0 187.25 1.3282162 420.0 140.4375 0.84681433 20.0 214.0 0.88360363 400.0 153.8125 0.54045576 180.0 207.3125 0.51449823 90.0 227.375 0.5362309 190.0 207.3125 0.6543498 420.0 173.875 0.8863907 410.0 173.875 0.77098167 420.0 200.625 0.6184718 420.0 200.625 0.7906388 190.0 294.25 0.72889125 310.0 294.25 0.8503629 
/root/dataset/val2017/000000205401.jpg 460.0 369.75 0.016227895 460.0 369.75 0.0037351719 330.0 293.25 0.020023774 60.0 0.0 0.0010875755 330.0 293.25 0.009469439 440.0 376.125 0.010946556 60.0 38.25 0.025595527 140.0 159.375 0.006750913 140.0 159.375 0.006583696 30.0 12.75 0.034843616 50.0 25.5 0.012513658 390.0 331.5 0.009556186 250.0 344.25 0.017654404 130.0 44.625 0.005098047 40.0 369.75 0.004934442 40.0 369.75 0.0037566586 580.0 178.5 0.010158906 
/root/dataset/val2017/000000221291.jpg 183.203125 328.125 0.38748163 188.4375 320.3125 0.46428612 177.96875 320.3125 0.36334795 204.140625 328.125 0.825681 167.5 335.9375 0.12016727 225.078125 367.1875 0.7139426 177.96875 367.1875 0.6091389 235.546875 398.4375 0.9389103 172.734375 414.0625 0.5769075 225.078125 445.3125 0.83614695 193.671875 445.3125 0.38551906 209.375 468.75 0.2945386 193.671875 460.9375 0.32857308 230.3125 484.375 0.03072379 266.953125 273.4375 0.04004799 230.3125 460.9375 0.012143465 230.3125 453.125 0.01034482 
/root/dataset/val2017/000000170595.jpg 47.8125 66.9375 0.008785352 592.875 545.0625 0.0053671184 28.6875 497.25 0.005466064 191.25 296.4375 0.0019642161 497.25 95.625 0.010788663 459.0 554.625 0.0064479033 497.25 86.0625 0.020753415 564.1875 382.5 0.029497948 239.0625 334.6875 0.026329888 19.125 19.125 0.024528394 382.5 545.0625 0.003209779 516.375 564.1875 0.018409116 439.875 143.4375 0.023082195 57.375 172.125 0.01704876 602.4375 545.0625 0.0053771315 516.375 564.1875 0.0073707206 516.375 564.1875 0.006356611 
/root/dataset/val2017/000000407403.jpg 16.21875 31.25 0.005607619 335.1875 453.125 0.0040107877 0.0 203.125 0.00502806 194.625 429.6875 0.08720663 21.625 312.5 0.0094122505 178.40625 468.75 0.038618423 32.4375 31.25 0.014555625 70.28125 70.3125 0.026920686 113.53125 460.9375 0.06457947 64.875 70.3125 0.019438185 118.9375 468.75 0.013418 324.375 15.625 0.01275707 275.71875 429.6875 0.02148647 75.6875 367.1875 0.03602849 75.6875 367.1875 0.020510359 97.3125 109.375 0.007390703 97.3125 109.375 0.0064940765 
/root/dataset/val2017/000000366611.jpg 310.0 14.9375 0.011052515 10.0 470.53125 0.0074606165 240.0 52.28125 0.017806834 70.0 52.28125 0.007333244 370.0 149.375 0.014972479 20.0 201.65625 0.045906533 60.0 59.75 0.028513165 540.0 59.75 0.027746135 460.0 0.0 0.032752514 440.0 126.96875 0.0140805505 460.0 29.875 0.009852093 390.0 418.25 0.016554292 340.0 403.3125 0.04046229 590.0 44.8125 0.003855545 60.0 209.125 0.028014397 590.0 44.8125 0.005426455 590.0 44.8125 0.0067449287 
/root/dataset/val2017/000000110282.jpg 210.0 45.71875 0.0076512196 270.0 378.8125 0.013638562 560.0 202.46875 0.009432679 510.0 169.8125 0.011682839 530.0 182.875 0.0026262975 490.0 176.34375 0.021508742 500.0 222.0625 0.038320683 490.0 202.46875 0.052553907 140.0 385.34375 0.02136336 500.0 137.15625 0.011615975 20.0 385.34375 0.053807814 450.0 202.46875 0.023315644 450.0 202.46875 0.012588939 40.0 0.0 0.0025834222 500.0 215.53125 0.0069382843 350.0 372.28125 0.0030895437 50.0 0.0 0.0042541334 
/root/dataset/val2017/000000140840.jpg 195.3125 100.984375 0.023462825 210.9375 87.8125 0.009977586 187.5 92.203125 0.01137522 226.5625 109.765625 0.02066051 195.3125 92.203125 0.006339165 210.9375 109.765625 0.0073791216 210.9375 109.765625 0.01789739 54.6875 127.328125 0.024827708 218.75 105.375 0.005264066 375.0 105.375 0.0054569547 218.75 105.375 0.0048030233 203.125 114.15625 0.016790919 203.125 114.15625 0.009080876 31.25 188.796875 0.0069916868 0.0 197.578125 0.027991166 7.8125 210.75 0.0055737547 7.8125 210.75 0.0069005447 
/root/dataset/val2017/000000543300.jpg 20.0 442.5 0.009731307 490.0 240.0 0.002775799 10.0 105.0 0.0036510841 30.0 30.0 0.0016029829 30.0 30.0 0.0038297018 310.0 412.5 0.005822038 270.0 412.5 0.0087744 10.0 382.5 0.015807789 10.0 382.5 0.017158862 600.0 195.0 0.03234677 0.0 465.0 0.13670865 580.0 330.0 0.0031973845 40.0 405.0 0.008957457 10.0 457.5 0.0031112127 10.0 457.5 0.0064517427 160.0 360.0 0.005259387 10.0 457.5 0.0058714775 
/root/dataset/val2017/000000377814.jpg 490.0 367.5 0.019092623 500.0 367.5 0.036548566 10.0 255.0 0.012762709 500.0 367.5 0.00864853 190.0 75.0 0.0025289706 290.0 442.5 0.025446095 500.0 465.0 0.037776444 590.0 82.5 0.01567412 610.0 75.0 0.007404182 600.0 75.0 0.007293973 60.0 30.0 0.031907197 170.0 52.5 0.00993094 440.0 142.5 0.008712733 270.0 420.0 0.004961428 70.0 465.0 0.0052247164 50.0 472.5 0.19343247 60.0 472.5 0.044865806 
/root/dataset/val2017/000000040757.jpg 332.03125 560.0 0.0074835895 345.3125 360.0 0.0129312 325.390625 570.0 0.008162799 365.234375 370.0 0.032381546 332.03125 560.0 0.010376449 53.125 70.0 0.010521732 39.84375 60.0 0.016293855 166.015625 80.0 0.03947626 159.375 80.0 0.006109501 358.59375 350.0 0.06332145 205.859375 490.0 0.02512324 159.375 100.0 0.02467253 159.375 100.0 0.012692958 53.125 70.0 0.013936638 106.25 250.0 0.008458053 166.015625 80.0 0.006332529 166.015625 80.0 0.006099488 
/root/dataset/val2017/000000193245.jpg 421.875 187.5 0.5762581 421.875 187.5 0.49707332 421.875 187.5 0.56796604 257.8125 193.359375 0.7313499 132.8125 199.21875 0.38506302 257.8125 205.078125 0.80875343 273.4375 205.078125 0.84232193 250.0 216.796875 0.7143814 140.625 240.234375 0.6300909 242.1875 222.65625 0.46281707 414.0625 199.21875 0.3530007 265.625 228.515625 0.8419802 273.4375 228.515625 0.75865114 257.8125 257.8125 0.77169067 273.4375 257.8125 0.8730435 93.75 357.421875 0.82269657 289.0625 275.390625 0.67856586 
/root/dataset/val2017/000000008844.jpg 490.0 126.46875 0.8193177 500.0 113.15625 0.8064355 470.0 113.15625 0.985 510.0 133.125 0.16098444 450.0 119.8125 0.64303035 540.0 206.34375 0.49659213 410.0 193.03125 0.6010483 540.0 259.59375 0.08239003 390.0 232.96875 0.099068746 10.0 299.53125 0.03718864 360.0 213.0 0.037523 500.0 299.53125 0.09959295 460.0 299.53125 0.05081696 490.0 359.4375 0.008129876 500.0 386.0625 0.01209644 500.0 119.8125 0.012367156 460.0 346.125 0.01116463 
/root/dataset/val2017/000000161032.jpg 80.0 435.0 0.010212413 380.0 202.5 0.008883671 460.0 180.0 0.006972934 490.0 180.0 0.038484473 60.0 472.5 0.01180503 410.0 165.0 0.046028994 480.0 180.0 0.035266772 420.0 270.0 0.19264682 410.0 262.5 0.021134641 410.0 262.5 0.015736757 80.0 22.5 0.031574216 160.0 375.0 0.04143429 490.0 240.0 0.029407877 90.0 30.0 0.02556342 90.0 30.0 0.025961952 460.0 367.5 0.013331994 450.0 375.0 0.009877855 
/root/dataset/val2017/000000073702.jpg 94.25 210.0 0.7490962 108.75 190.0 0.65221673 87.0 200.0 0.630416 137.75 200.0 0.47801134 79.75 200.0 0.07970296 166.75 270.0 0.19867706 87.0 250.0 0.17136018 188.5 510.0 0.008214141 65.25 400.0 0.23132466 188.5 470.0 0.42473122 203.0 470.0 0.0881678 108.75 490.0 0.07730476 79.75 490.0 0.1696443 297.25 480.0 0.010703984 0.0 50.0 0.017775217 108.75 220.0 0.0042260904 108.75 220.0 0.0057007833 
/root/dataset/val2017/000000140640.jpg 230.0 146.4375 0.6197383 240.0 133.125 0.63070816 210.0 133.125 0.65110683 260.0 146.4375 0.055795413 180.0 153.09375 0.45545337 530.0 193.03125 0.27107793 480.0 179.71875 0.4377118 530.0 239.625 0.10319147 440.0 232.96875 0.27617985 540.0 252.9375 0.1627233 210.0 372.75 0.52082187 210.0 359.4375 0.03258211 440.0 252.9375 0.070440434 460.0 312.84375 0.066444 470.0 312.84375 0.05032697 460.0 359.4375 0.03710103 480.0 66.5625 0.027668742 
/root/dataset/val2017/000000087875.jpg 80.0 167.40625 0.01612834 520.0 45.65625 0.0060682436 520.0 45.65625 0.015231623 340.0 98.921875 0.0123091005 610.0 479.390625 0.017927604 470.0 410.90625 0.02314261 470.0 410.90625 0.032877997 570.0 426.125 0.018869445 470.0 410.90625 0.024168821 350.0 441.34375 0.014972366 380.0 403.296875 0.032639083 500.0 410.90625 0.01157005 100.0 388.078125 0.023519654 340.0 114.140625 0.020651683 0.0 304.375 0.012618271 350.0 121.75 0.012409074 90.0 403.296875 0.0065699117 
/root/dataset/val2017/000000245764.jpg 600.0 180.0 0.012498271 600.0 300.0 0.029542174 630.0 60.0 0.007817028 230.0 330.0 0.023660576 170.0 37.5 0.0034885546 590.0 7.5 0.03637275 110.0 405.0 0.03403122 190.0 270.0 0.026460523 190.0 0.0 0.016904043 420.0 142.5 0.014907132 430.0 142.5 0.09429516 420.0 420.0 0.02373986 420.0 420.0 0.0115466695 380.0 420.0 0.017680597 380.0 420.0 0.010747711 70.0 457.5 0.0023978811 630.0 67.5 0.0060431943 
/root/dataset/val2017/000000039405.jpg 330.0 442.5 0.091996156 140.0 142.5 0.08773624 140.0 142.5 0.09194898 290.0 427.5 0.24420312 560.0 405.0 0.05420019 340.0 472.5 0.13273177 340.0 465.0 0.3130372 190.0 217.5 0.11366663 50.0 22.5 0.1691571 540.0 30.0 0.10288243 330.0 465.0 0.122612715 380.0 52.5 0.15472552 390.0 45.0 0.20360337 290.0 60.0 0.13175388 270.0 52.5 0.22794828 310.0 82.5 0.09237616 70.0 97.5 0.10791328 
/root/dataset/val2017/000000547886.jpg 220.0 140.109375 0.69203866 220.0 140.109375 0.2255803 220.0 140.109375 0.69828165 300.0 146.78125 0.38457185 210.0 140.109375 0.9508535 300.0 160.125 0.99554944 320.0 160.125 0.9055294 300.0 173.46875 0.53308094 330.0 173.46875 0.61247826 300.0 180.140625 0.15801318 330.0 180.140625 0.29364932 310.0 186.8125 0.7156914 320.0 186.8125 0.7206297 280.0 213.5 0.26718876 340.0 186.8125 0.34202906 180.0 220.171875 0.1813099 330.0 213.5 0.2613142 
/root/dataset/val2017/000000081594.jpg 216.59375 280.0 0.82612216 224.0625 270.0 0.7825898 209.125 270.0 0.9724988 231.53125 280.0 0.6155462 201.65625 280.0 0.70663774 246.46875 340.0 0.5798145 186.71875 330.0 0.7684632 246.46875 380.0 0.3841017 164.3125 380.0 0.37473267 209.125 380.0 0.3983803 186.71875 400.0 0.43581897 231.53125 450.0 0.4937632 201.65625 450.0 0.43563223 209.125 520.0 0.40899044 201.65625 520.0 0.45217982 201.65625 580.0 0.099211335 194.1875 590.0 0.87027514 
/root/dataset/val2017/000000013923.jpg 460.0 333.59375 0.01677982 460.0 333.59375 0.019264199 580.0 380.296875 0.035671197 520.0 353.609375 0.017646616 60.0 33.359375 0.012603399 520.0 333.59375 0.03524223 240.0 393.640625 0.029299239 40.0 366.953125 0.011570299 100.0 26.6875 0.0036761216 220.0 246.859375 0.0073434813 100.0 26.6875 0.04517388 310.0 386.96875 0.0026916012 100.0 346.9375 0.0026896733 480.0 26.6875 0.008423968 110.0 26.6875 0.0062779407 470.0 73.390625 0.006254991 390.0 86.734375 0.053753387 
/root/dataset/val2017/000000253835.jpg 500.0 142.5 0.6526616 510.0 135.0 0.6646483 520.0 150.0 0.033541627 520.0 135.0 0.67130995 470.0 300.0 0.26376185 550.0 165.0 0.8615441 530.0 165.0 0.7753559 570.0 210.0 0.800762 510.0 225.0 0.7508273 530.0 225.0 0.78133553 510.0 217.5 0.42509624 560.0 262.5 0.60492337 530.0 262.5 0.66766566 550.0 337.5 0.8727314 520.0 337.5 0.92106396 550.0 412.5 0.91131455 560.0 405.0 0.33902866 
/root/dataset/val2017/000000395575.jpg 351.5625 137.71875 0.03500914 164.0625 254.25 0.055218827 78.125 47.671875 0.021654021 164.0625 254.25 0.018266773 312.5 116.53125 0.019173343 390.625 275.4375 0.021908741 406.25 286.03125 0.0327841 85.9375 116.53125 0.054220457 226.5625 0.0 0.027445981 382.8125 68.859375 0.034434102 7.8125 21.1875 0.04887372 109.375 153.609375 0.024270574 195.3125 296.625 0.016543975 468.75 206.578125 0.008620714 62.5 21.1875 0.02233337 476.5625 185.390625 0.013043063 476.5625 185.390625 0.023985287 
/root/dataset/val2017/000000072813.jpg 50.0 30.0 0.028787002 160.0 472.5 0.01722048 630.0 45.0 0.027719276 390.0 270.0 0.03380055 0.0 457.5 0.058246754 310.0 427.5 0.014045569 570.0 472.5 0.103483096 370.0 277.5 0.0487026 240.0 315.0 0.051964633 620.0 450.0 0.028305054 630.0 82.5 0.045714244 470.0 82.5 0.047104143 280.0 405.0 0.06733182 70.0 142.5 0.016260255 70.0 427.5 0.023782598 440.0 202.5 0.014979156 440.0 202.5 0.012847769 
/root/dataset/val2017/000000129812.jpg 450.0 359.4375 0.015125844 580.0 372.75 0.005883299 630.0 66.5625 0.0054474277 20.0 133.125 0.002886462 340.0 392.71875 0.011736011 450.0 359.4375 0.016217865 320.0 299.53125 0.020012697 320.0 299.53125 0.035926495 350.0 419.34375 0.048012637 250.0 359.4375 0.013249534 200.0 113.15625 0.031534187 280.0 199.6875 0.017780779 540.0 6.65625 0.012798643 610.0 153.09375 0.0122979535 10.0 312.84375 0.020609535 390.0 259.59375 0.007813179 220.0 126.46875 0.005684131 
/root/dataset/val2017/000000007818.jpg 220.0 140.109375 0.0068669827 620.0 200.15625 0.019746372 120.0 26.6875 0.0029838502 420.0 273.546875 0.016776925 140.0 66.71875 0.022776807 320.0 360.28125 0.006363506 210.0 60.046875 0.040350705 330.0 353.609375 0.01565203 410.0 366.953125 0.015195688 450.0 226.84375 0.010901097 30.0 326.921875 0.013675159 460.0 353.609375 0.03981213 450.0 360.28125 0.032619968 420.0 180.140625 0.024140447 540.0 360.28125 0.00860398 230.0 280.21875 0.01168826 230.0 280.21875 0.010065066 
/root/dataset/val2017/000000287545.jpg 570.0 67.5 0.015599462 270.0 285.0 0.004119022 260.0 277.5 0.005448895 260.0 240.0 0.007672163 270.0 285.0 0.005935362 570.0 397.5 0.0073014563 150.0 457.5 0.037717413 440.0 330.0 0.024388723 260.0 292.5 0.011421624 380.0 52.5 0.0136802085 90.0 30.0 0.03391255 280.0 420.0 0.016634418 300.0 345.0 0.010089567 280.0 352.5 0.12467588 290.0 345.0 0.22672674 280.0 360.0 0.012036831 620.0 390.0 0.018184772 
/root/dataset/val2017/000000180188.jpg 230.0 217.5 0.008814421 230.0 217.5 0.0016593141 10.0 142.5 0.00502093 580.0 202.5 0.0016007279 340.0 405.0 0.001765896 130.0 292.5 0.014750506 130.0 292.5 0.008708627 460.0 60.0 0.010872949 130.0 285.0 0.0062587312 560.0 210.0 0.03300232 100.0 22.5 0.056015015 150.0 307.5 0.0016559302 180.0 390.0 0.0030069372 80.0 285.0 0.0064170817 80.0 277.5 0.010443871 80.0 262.5 0.059589006 90.0 262.5 0.09201644 
/root/dataset/val2017/000000530162.jpg 320.0 193.484375 0.76904315 340.0 186.8125 0.81053054 320.0 186.8125 0.8730754 360.0 180.140625 0.80828893 590.0 66.71875 0.06734852 50.0 186.8125 0.12335212 190.0 240.1875 0.045817748 400.0 260.203125 0.04066422 290.0 253.53125 0.15769307 360.0 246.859375 0.016073043 130.0 360.28125 0.08096841 30.0 253.53125 0.07752397 420.0 266.875 0.041097485 20.0 306.90625 0.14948092 30.0 313.578125 0.30209944 20.0 360.28125 0.1679998 20.0 360.28125 0.02805081 
/root/dataset/val2017/000000368982.jpg 290.0 367.5 0.007004671 290.0 367.5 0.008032284 390.0 7.5 0.0077887313 110.0 262.5 0.0065203668 70.0 150.0 0.02548618 370.0 172.5 0.020512227 370.0 187.5 0.010114415 590.0 180.0 0.028391981 80.0 82.5 0.007171978 610.0 247.5 0.015958618 340.0 22.5 0.021212254 90.0 97.5 0.023017097 90.0 97.5 0.022877885 130.0 30.0 0.022968268 110.0 127.5 0.025042398 450.0 307.5 0.0183932 180.0 90.0 0.025700347 
/root/dataset/val2017/000000225946.jpg 270.0 238.734375 0.009089667 420.0 318.3125 0.010164382 620.0 318.3125 0.014030445 260.0 245.96875 0.011442461 260.0 245.96875 0.014888669 430.0 448.53125 0.01282599 150.0 426.828125 0.018749982 590.0 202.5625 0.011356273 270.0 253.203125 0.007685026 130.0 159.15625 0.032453787 20.0 28.9375 0.034327056 280.0 253.203125 0.007395393 330.0 376.1875 0.03181752 360.0 441.296875 0.03941566 360.0 441.296875 0.024744606 10.0 325.546875 0.004194417 10.0 325.546875 0.0052486714 
/root/dataset/val2017/000000301135.jpg 247.4375 410.0 0.99411076 247.4375 410.0 0.96321625 247.4375 410.0 0.98704654 254.125 410.0 0.8989631 240.75 410.0 0.7048921 260.8125 430.0 0.83654356 307.625 440.0 0.7168677 267.5 450.0 0.8723053 227.375 450.0 0.523257 260.8125 450.0 0.3862114 46.8125 410.0 0.65459293 254.125 470.0 0.62110806 240.75 470.0 0.66271496 260.8125 490.0 0.44727412 227.375 480.0 0.8463503 247.4375 520.0 0.74667525 220.6875 520.0 0.8405818 
/root/dataset/val2017/000000347930.jpg 380.0 405.0 0.062256847 380.0 412.5 0.08824821 320.0 150.0 0.089443974 400.0 405.0 0.0435387 30.0 457.5 0.1029189 360.0 285.0 0.036767915 290.0 37.5 0.048285402 380.0 405.0 0.106338404 430.0 255.0 0.057653166 220.0 135.0 0.035299808 580.0 60.0 0.07541108 470.0 142.5 0.118067995 310.0 37.5 0.08317832 330.0 315.0 0.08443591 330.0 322.5 0.035580058 380.0 382.5 0.10244761 380.0 390.0 0.057026815 
/root/dataset/val2017/000000234757.jpg 600.0 285.0 0.17236364 600.0 285.0 0.3253488 70.0 45.0 0.19229814 130.0 390.0 0.2611979 60.0 52.5 0.20292665 520.0 105.0 0.18965976 240.0 412.5 0.16049767 230.0 120.0 0.12970261 310.0 412.5 0.1269767 440.0 277.5 0.08807699 480.0 180.0 0.10624795 340.0 52.5 0.1951835 500.0 97.5 0.35148597 360.0 82.5 0.040058773 390.0 30.0 0.02521215 610.0 67.5 0.036688864 50.0 127.5 0.05538405 
/root/dataset/val2017/000000389197.jpg 280.0 279.5625 0.2470104 280.0 272.90625 0.29684857 260.0 266.25 0.23578897 290.0 266.25 0.019249924 250.0 266.25 0.01888726 300.0 292.875 0.13376528 560.0 213.0 0.04816896 310.0 306.1875 0.082150616 200.0 319.5 0.06396417 410.0 379.40625 0.08325235 200.0 332.8125 0.01946876 540.0 206.34375 0.01615346 230.0 339.46875 0.03637357 260.0 79.875 0.015587116 260.0 79.875 0.0419837 260.0 86.53125 0.034822904 260.0 86.53125 0.16081451 
/root/dataset/val2017/000000578236.jpg 167.578125 450.0 0.0068088626 415.59375 160.0 0.008900752 335.15625 210.0 0.0026771745 335.15625 210.0 0.0015150483 335.15625 210.0 0.0027163392 180.984375 320.0 0.008148852 100.546875 490.0 0.01587878 214.5 540.0 0.013266846 214.5 540.0 0.014027528 214.5 540.0 0.009234468 221.203125 10.0 0.009185538 221.203125 540.0 0.019045264 221.203125 540.0 0.03454875 375.375 50.0 0.004103529 375.375 50.0 0.009904212 281.53125 90.0 0.005380294 375.375 50.0 0.006568379 
/root/dataset/val2017/000000176778.jpg 320.25 50.0 0.0078030983 366.953125 490.0 0.0046197562 126.765625 10.0 0.008329732 40.03125 320.0 0.0036460126 46.703125 320.0 0.035188153 380.296875 220.0 0.021948494 100.078125 480.0 0.0123307705 166.796875 460.0 0.071349256 153.453125 530.0 0.009768574 366.953125 70.0 0.051318847 346.9375 40.0 0.030166855 173.46875 520.0 0.01240769 173.46875 520.0 0.009692339 366.953125 320.0 0.08307149 326.921875 60.0 0.05636051 100.078125 610.0 0.0061478484 100.078125 610.0 0.007370415 
/root/dataset/val2017/000000116825.jpg 560.0 191.25 0.15209234 550.0 168.75 0.07000634 300.0 50.625 0.124763854 580.0 185.625 0.09244249 250.0 90.0 0.055562343 580.0 185.625 0.18303317 290.0 45.0 0.14372142 70.0 185.625 0.06390526 580.0 191.25 0.16701615 100.0 73.125 0.05558623 290.0 39.375 0.14253509 130.0 202.5 0.087763146 580.0 202.5 0.08866878 140.0 343.125 0.024024643 130.0 343.125 0.036981665 30.0 106.875 0.04664159 130.0 348.75 0.017224718 
/root/dataset/val2017/000000297681.jpg 270.0 108.25 0.018447753 590.0 392.40625 0.020534266 270.0 108.25 0.021760872 110.0 284.15625 0.003315283 10.0 128.546875 0.009849952 140.0 13.53125 0.033874452 140.0 6.765625 0.16528144 320.0 317.984375 0.040932868 170.0 372.109375 0.041273296 10.0 378.875 0.06667608 120.0 27.0625 0.062311266 140.0 297.6875 0.033188716 450.0 94.71875 0.024347108 130.0 209.734375 0.019742692 40.0 27.0625 0.010908854 130.0 297.6875 0.0075064707 450.0 81.1875 0.0034366325 
/root/dataset/val2017/000000099428.jpg 380.0 172.5 0.023918172 540.0 90.0 0.00536963 10.0 255.0 0.012353503 90.0 82.5 0.030006899 100.0 75.0 0.06073576 540.0 217.5 0.0040806313 240.0 7.5 0.016056877 630.0 277.5 0.010972441 250.0 90.0 0.02622961 490.0 345.0 0.013380115 630.0 277.5 0.004297459 540.0 105.0 0.009549112 250.0 60.0 0.008571317 240.0 37.5 0.007780226 40.0 30.0 0.005594321 40.0 465.0 0.008013332 240.0 90.0 0.0045139133 
/root/dataset/val2017/000000101068.jpg 520.0 146.78125 0.7186643 520.0 140.109375 0.80823547 510.0 140.109375 0.32342708 560.0 133.4375 0.76328415 520.0 140.109375 0.015883597 580.0 166.796875 0.44158804 530.0 180.140625 0.3327633 560.0 280.21875 0.057937596 610.0 120.09375 0.12026561 630.0 340.265625 0.23699957 460.0 206.828125 0.2732816 600.0 346.9375 0.3228772 550.0 340.265625 0.31377554 530.0 406.984375 0.039513547 530.0 406.984375 0.06419504 430.0 186.8125 0.01788478 310.0 40.03125 0.028216705 
/root/dataset/val2017/000000569700.jpg 148.4375 79.921875 0.008061534 492.1875 42.625 0.007635284 492.1875 42.625 0.022643698 312.5 165.171875 0.0018843398 351.5625 298.375 0.00975008 179.6875 223.78125 0.010322278 54.6875 287.71875 0.021815393 140.625 106.5625 0.03190806 195.3125 266.40625 0.014819633 359.375 213.125 0.006427764 273.4375 170.5 0.0122751165 250.0 287.71875 0.02935961 195.3125 277.0625 0.045011528 359.375 143.859375 0.0033389379 195.3125 287.71875 0.017970739 218.75 330.34375 0.0032291948 187.5 335.671875 0.00479621 
/root/dataset/val2017/000000013177.jpg 380.0 160.125 1.7262758 390.0 153.453125 1.5199239 370.0 153.453125 0.6756966 440.0 126.765625 1.3101488 410.0 233.515625 0.18572274 510.0 166.796875 0.78095746 400.0 200.15625 0.7998016 440.0 280.21875 0.49234858 400.0 260.203125 0.46921778 450.0 266.875 0.24988551 350.0 306.90625 0.6503771 490.0 240.1875 0.47675928 360.0 26.6875 0.2857226 440.0 280.21875 0.30418217 410.0 260.203125 0.23555177 370.0 340.265625 0.2486429 380.0 340.265625 0.29646516 
/root/dataset/val2017/000000343149.jpg 285.0 470.0 0.9472717 285.0 470.0 0.97545725 277.5 470.0 0.8564199 285.0 470.0 0.822821 277.5 480.0 0.38991186 285.0 490.0 0.8953097 277.5 490.0 0.9545724 292.5 510.0 0.7033532 270.0 510.0 0.6723194 75.0 540.0 0.5253267 270.0 520.0 0.51210123 285.0 520.0 1.019572 277.5 520.0 1.0018448 285.0 540.0 0.82002157 277.5 540.0 0.6122103 285.0 560.0 0.84310186 285.0 570.0 0.6510187 
/root/dataset/val2017/000000010707.jpg 410.0 240.0 0.8386087 350.0 195.0 0.79277295 330.0 195.0 0.8674821 360.0 187.5 0.74899375 320.0 187.5 0.7166975 380.0 217.5 0.75747126 300.0 217.5 0.7147136 380.0 285.0 0.3797289 250.0 255.0 0.68098116 350.0 300.0 0.4178255 270.0 262.5 0.7960959 360.0 307.5 0.28913447 310.0 300.0 0.34766454 330.0 322.5 0.40698373 250.0 315.0 0.39678657 300.0 352.5 0.16943467 300.0 360.0 0.24939217 
/root/dataset/val2017/000000369771.jpg 90.0 150.0 0.0027337493 60.0 180.0 0.0113953 40.0 180.0 0.006801638 90.0 150.0 0.0029549778 160.0 22.5 0.01784365 600.0 270.0 0.009788058 140.0 97.5 0.01219966 350.0 382.5 0.04707363 40.0 217.5 0.026472356 10.0 30.0 0.006886665 10.0 30.0 0.055581074 320.0 435.0 0.0022418743 180.0 472.5 0.008304067 220.0 240.0 0.006678691 30.0 30.0 0.0045863753 160.0 465.0 0.0022056617 80.0 0.0 0.0034788763 
/root/dataset/val2017/000000067213.jpg 530.0 348.59375 0.5480083 480.0 348.59375 0.533313 530.0 341.015625 0.49462974 490.0 348.59375 0.39578938 520.0 348.59375 0.44352588 550.0 378.90625 0.32026803 600.0 386.484375 0.3042161 500.0 409.21875 0.1393444 590.0 409.21875 0.25083923 480.0 371.328125 0.050198585 580.0 416.796875 0.114678726 260.0 378.90625 0.05739732 600.0 439.53125 0.08525852 610.0 341.015625 0.0069739656 600.0 371.328125 0.0099751735 500.0 113.671875 0.011555317 500.0 113.671875 0.013009544 
/root/dataset/val2017/000000318138.jpg 240.0 150.0 0.04033193 247.5 100.0 0.02419823 225.0 130.0 0.021904806 285.0 160.0 0.031676427 225.0 130.0 0.010615478 285.0 140.0 0.018072825 285.0 140.0 0.009549264 307.5 380.0 0.04645308 210.0 310.0 0.028119348 75.0 120.0 0.035341937 180.0 520.0 0.007151462 172.5 290.0 0.017447295 165.0 270.0 0.025178118 45.0 170.0 0.034427714 45.0 170.0 0.029264506 135.0 470.0 0.04750928 180.0 520.0 0.011928856 
/root/dataset/val2017/000000090003.jpg 420.0 120.0 0.10146889 170.0 420.0 0.098407544 170.0 427.5 0.0642913 490.0 30.0 0.10542442 300.0 15.0 0.07442749 390.0 465.0 0.17477252 300.0 30.0 0.12409157 220.0 225.0 0.0954191 160.0 75.0 0.09326145 130.0 450.0 0.11406564 560.0 412.5 0.06638711 410.0 405.0 0.09594278 160.0 405.0 0.11755702 180.0 262.5 0.07406924 30.0 150.0 0.08087809 50.0 292.5 0.0724211 50.0 300.0 0.065036304 
/root/dataset/val2017/000000417608.jpg 0.0 139.78125 0.04325454 0.0 139.78125 0.04133287 120.0 199.6875 0.10376277 160.0 66.5625 0.03793619 330.0 279.5625 0.12088339 350.0 292.875 0.034983065 310.0 266.25 0.021645714 110.0 306.1875 0.056250125 80.0 119.8125 0.18507174 560.0 6.65625 0.12650985 570.0 6.65625 0.030742578 600.0 13.3125 0.09703066 400.0 126.46875 0.105868265 420.0 59.90625 0.049093034 390.0 166.40625 0.018990194 580.0 46.59375 0.06885121 580.0 46.59375 0.070776805 
/root/dataset/val2017/000000458109.jpg 250.0 225.0 0.006863077 70.0 30.0 0.01927016 630.0 420.0 0.015433229 90.0 60.0 0.014860568 100.0 292.5 0.029907543 380.0 465.0 0.040527083 290.0 30.0 0.018676793 440.0 202.5 0.06540477 290.0 232.5 0.02635673 280.0 247.5 0.04213222 0.0 390.0 0.074582264 180.0 405.0 0.031746622 170.0 405.0 0.029574394 420.0 360.0 0.015963485 30.0 30.0 0.018017497 290.0 225.0 0.015228654 290.0 225.0 0.014217759 
/root/dataset/val2017/000000243989.jpg 234.375 123.1875 0.8075168 250.0 109.5 0.6815557 343.75 225.84375 0.71234804 367.1875 232.6875 0.67205054 328.125 232.6875 0.16521426 375.0 287.4375 0.2611499 210.9375 184.78125 0.2997212 320.3125 294.28125 0.11186696 343.75 328.5 0.097727306 359.375 362.71875 0.3572306 351.5625 355.875 0.30289313 343.75 396.9375 0.07416941 296.875 383.25 0.0763446 382.8125 355.875 0.011461078 125.0 362.71875 0.012443041 101.5625 410.625 0.03781091 93.75 403.78125 0.02161339 
/root/dataset/val2017/000000482100.jpg 90.0 186.8125 0.005487834 110.0 166.796875 0.01684519 610.0 13.34375 0.029712582 580.0 93.40625 0.03349971 420.0 386.96875 0.04135062 180.0 120.09375 0.0050373087 430.0 400.3125 0.01997102 410.0 113.421875 0.11744165 630.0 220.171875 0.008426256 80.0 373.625 0.005960867 170.0 386.96875 0.028848564 210.0 133.4375 0.0076391855 260.0 0.0 0.012687329 420.0 166.796875 0.01205742 230.0 326.921875 0.008087808 410.0 140.109375 0.009564515 50.0 153.453125 0.011955139 
/root/dataset/val2017/000000581615.jpg 149.375 580.0 0.029914051 171.78125 540.0 0.02414068 261.40625 0.0 0.019489609 336.09375 490.0 0.03958978 343.5625 490.0 0.06971459 328.625 500.0 0.08016715 59.75 100.0 0.14500213 328.625 520.0 0.10464523 358.5 510.0 0.088192575 134.4375 570.0 0.04904445 358.5 520.0 0.08512369 336.09375 510.0 0.046834476 351.03125 510.0 0.05289254 171.78125 600.0 0.018680291 351.03125 510.0 0.043727826 179.25 480.0 0.006874016 358.5 520.0 0.00905323 
/root/dataset/val2017/000000550471.jpg 70.0 152.734375 0.0117735285 200.0 351.953125 0.0076366123 590.0 26.5625 0.016563565 290.0 166.015625 0.004459518 120.0 245.703125 0.006928502 290.0 219.140625 0.010084439 240.0 391.796875 0.024751697 160.0 106.25 0.108863145 530.0 92.96875 0.014555612 140.0 112.890625 0.010657239 310.0 411.71875 0.04708849 160.0 391.796875 0.0062945453 90.0 371.875 0.024995131 130.0 139.453125 0.0372192 280.0 212.5 0.011354637 480.0 53.125 0.0055970578 480.0 53.125 0.0069847917 
/root/dataset/val2017/000000047121.jpg 200.0 22.5 0.011149619 530.0 112.5 0.0026486677 350.0 225.0 0.003800241 340.0 120.0 0.0057904725 60.0 247.5 0.00789233 260.0 217.5 0.010825269 130.0 397.5 0.017040245 50.0 30.0 0.0035411043 290.0 82.5 0.013650525 410.0 202.5 0.005708266 210.0 15.0 0.03243892 460.0 195.0 0.017563734 460.0 195.0 0.016272841 50.0 0.0 0.0031265763 330.0 360.0 0.0030167466 330.0 360.0 0.0020677517 40.0 0.0 0.0049132905 
/root/dataset/val2017/000000257370.jpg 170.0 127.5 0.5668421 150.0 105.0 0.029565275 170.0 112.5 0.5264774 540.0 232.5 0.019696789 140.0 112.5 0.7515581 150.0 165.0 0.8047971 60.0 165.0 0.5974041 170.0 255.0 0.31852102 20.0 240.0 0.37568793 160.0 255.0 0.41407403 90.0 217.5 0.43671522 110.0 352.5 0.2919606 50.0 345.0 0.20376495 80.0 450.0 0.020437906 120.0 30.0 0.013787238 160.0 157.5 0.011264003 230.0 465.0 0.005613748 
/root/dataset/val2017/000000064574.jpg 142.203125 190.0 0.0069476385 456.546875 590.0 0.016175646 52.390625 590.0 0.0059716674 29.9375 40.0 0.0046028527 112.265625 50.0 0.010364925 127.234375 20.0 0.0151594505 44.90625 50.0 0.012390442 127.234375 160.0 0.011353797 142.203125 60.0 0.0023078658 329.3125 410.0 0.0059052072 22.453125 40.0 0.0022275434 127.234375 60.0 0.01570229 381.703125 180.0 0.0067711226 254.46875 480.0 0.010857267 254.46875 480.0 0.0076300935 127.234375 160.0 0.0057264874 127.234375 160.0 0.0051878956 
/root/dataset/val2017/000000429109.jpg 370.0 146.78125 0.015427699 300.0 360.28125 0.009404535 380.0 146.78125 0.013843138 430.0 420.328125 0.018117849 60.0 33.359375 0.037529 180.0 366.953125 0.006807256 300.0 360.28125 0.008948807 400.0 260.203125 0.006224802 400.0 260.203125 0.0068441182 480.0 13.34375 0.007964721 330.0 413.65625 0.022557529 200.0 140.109375 0.0062906933 530.0 93.40625 0.032314453 120.0 33.359375 0.019205203 120.0 26.6875 0.053585842 470.0 406.984375 0.0058705187 50.0 133.4375 0.024784004 
/root/dataset/val2017/000000256868.jpg 240.0 207.3125 0.4328634 230.0 214.0 0.04281077 240.0 200.625 0.5224241 450.0 214.0 0.04503078 230.0 200.625 0.5671526 200.0 207.3125 0.5797182 210.0 214.0 0.5841809 170.0 234.0625 0.2622015 200.0 260.8125 0.46164742 150.0 260.8125 0.29909015 270.0 247.4375 0.48551592 190.0 280.875 0.6436791 190.0 280.875 0.6639926 350.0 173.875 0.4005436 230.0 314.3125 0.6402502 330.0 220.6875 0.4599261 230.0 361.125 0.7433008 
/root/dataset/val2017/000000229849.jpg 126.765625 330.0 1.3613151 126.765625 320.0 1.3101172 120.09375 320.0 1.434952 133.4375 320.0 1.2534198 113.421875 330.0 1.2011108 133.4375 340.0 0.9774898 106.75 340.0 1.1802197 140.109375 360.0 0.6242503 106.75 370.0 0.43312708 140.109375 380.0 0.70401 113.421875 380.0 0.3099308 286.890625 220.0 0.43964463 113.421875 380.0 0.5701603 300.234375 400.0 0.8735972 340.265625 390.0 0.38839918 300.234375 490.0 0.90698916 306.90625 490.0 0.29001194 
