0.047271454114726066 0.16026650338986506
0.3886565869187371 0.726283382561772
0.01855050724865561 0.05066343229017052
0.20676463625909067 0.6367787337249654
0.3031896630422503 0.3427791677140915
0.7226370933087047 0.826927747479695
0.07929058675768932 0.10396480099187978
0.010980231457380278 0.02327357291497393
0.07317942870599164 0.27397674250625037
0.028205776480604607 0.10409889575650011
0.12822865701578273 0.4200497461444909
0.13817798919580557 0.19141153663663224
0.041111255487288265 0.05791354666950644
